
NUMBER_OF_LIGHT_PHOTONS<-c(5,10,15,20,25,30,35,40,45,50,55,60,65,70,75,80,85,90,95,100,105,110,115,120,125,130,135,140,145,150,155,160,165,170,175,180,185,190,195,200,205,210,215,220,225,230,235,240,245,250,255,260,265,270,275,280,285,290,295,300,305,310,315,320,325,330,335,340,345,350,355,360,365,370,375,380,385,390,395,400,405,410,415,420,425,430,435,440,445,450,455,460,465,470,475,480,485,490,495,500,505,510,515,520,525,530,535,540,545,550,555,560,565,570,575,580,585,590,595,600,605,610,615,620,625,630,635,640,645,650,655,660,665,670,675,680,685,690,695,700,705,710,715,720,725,730,735,740,745,750,755,760,765,770,775,780)

NORMALIZED_NUMBER_OF_COUNTS<-c(0,0,0,0,0,0,0,9.3075e-005,0.00048864,0.001559,0.0039557,0.0069108,0.010634,0.012239,0.012542,0.013868,0.015055,0.014636,0.014822,0.015288,0.015288,0.016218,0.014636,0.015288,0.014264,0.015357,0.015008,0.014939,0.01459,0.014008,0.014473,0.014427,0.012216,0.012402,0.012914,0.012658,0.012332,0.013217,0.012053,0.01217,0.012565,0.012426,0.012588,0.011006,0.01096,0.011285,0.011448,0.010983,0.010355,0.010378,0.010355,0.0092377,0.010564,0.0097031,0.0095635,0.0098892,0.00961,0.0091446,0.0089818,0.0091446,0.0089352,0.0079579,0.0081441,0.0085862,0.008051,0.0084233,0.0088654,0.0081906,0.0078416,0.0080743,0.0076322,0.0074926,0.0073529,0.0073762,0.0069574,0.0065153,0.0071901,0.0066549,0.0063524,0.0064455,0.0068643,0.0061662,0.0058172,0.0057009,0.0060266,0.0062128,0.0056776,0.0050028,0.0057474,0.0055845,0.0055845,0.0054914,0.0056078,0.0044676,0.0050261,0.0047236,0.0047236,0.0039092,0.004677,0.0043513,0.0047934,0.0046072,0.0045374,0.0043047,0.0040953,0.0042349,0.0042815,0.0042815,0.0040022,0.0045374,0.0034903,0.0036532,0.0043745,0.0037928,0.0034671,0.0037695,0.0043047,0.0036067,0.0033042,0.0036765,0.0032809,0.0035601,0.0032809,0.002513,0.0028388,0.0031878,0.0029784,0.0023967,0.0022338,0.0025828,0.0020942,0.0017917,0.0021407,0.0020011,0.0014659,0.0020942,0.0016521,0.0015357,0.00095402,0.00072133,0.0007446,0.00058172,0.00023269,0.00027923,0.00018615,0.00013961,6.9806e-005,0.00011634,4.6538e-005,0,4.6538e-005,0,0,0,0,0)
